140,0,0,0,0,0,0,0,0,0,0,0,0,0,0,0
216,76,0,0,0,0,0,0,0,0,0,0,0,0,0,0
271,131,55,0,0,0,0,0,0,0,0,0,0,0,0,0
323,183,107,52,0,0,0,0,0,0,0,0,0,0,0,0
375,235,159,104,52,0,0,0,0,0,0,0,0,0,0,0
428,288,211,157,104,52,0,0,0,0,0,0,0,0,0,0
480,340,263,209,157,104,52,0,0,0,0,0,0,0,0,0
532,392,316,261,209,157,104,52,0,0,0,0,0,0,0,0
584,444,368,313,261,209,157,104,52,0,0,0,0,0,0,0
636,496,420,366,313,261,209,157,104,52,0,0,0,0,0,0
689,549,472,418,366,313,261,209,157,104,52,0,0,0,0,0
741,601,524,470,418,366,313,261,209,157,104,52,0,0,0,0
793,653,577,522,470,418,366,313,261,209,157,104,52,0,0,0
845,705,629,574,522,470,418,366,313,261,209,157,104,52,0,0
898,757,681,627,574,522,470,418,366,313,261,209,157,104,52,0
950,810,733,679,627,574,522,470,418,366,313,261,209,157,104,52
